Time = 10;
Step_T = 0.001;
T = 0.1;

x_1_0 = 2;
x_2_0 = -2;